$ 1 0.000005 10.20027730826997 52 5 50
R 368 64 320 64 0 0 40 6 0 0 0.5
g 368 432 368 496 0
t 320 208 368 208 0 1 -2.4273420612275154 0.6036514634436996 100
w 368 160 368 192 0
t 320 256 368 256 0 1 0.5145133301062574 0.6054914059129475 100
w 368 224 368 240 0
w 368 272 368 288 0
w 368 368 368 384 0
r 320 208 240 208 0 2000
r 240 256 320 256 0 2000
L 240 208 208 208 0 1 false 3.6 0
L 240 256 208 256 0 1 false 3.6 0
r 368 288 368 368 0 2000
r 368 288 448 288 0 2000
t 448 288 496 288 0 1 -3.1219716002696054 -0.07756831971486333 100
t 448 368 496 368 0 1 -5.999999999780089 -2.9555967192253467 100
w 448 368 320 368 0
r 320 368 224 368 0 2000
w 496 272 496 160 0
w 496 160 368 160 0
w 368 160 368 64 0
w 496 352 544 352 0
w 544 352 544 160 0
w 544 160 496 160 0
w 496 304 576 304 0
w 496 384 576 384 0
w 576 384 576 304 0
r 576 400 576 464 0 1000
w 368 432 368 384 0
g 576 448 576 496 0
M 576 384 640 384 0 2.5
L 224 368 208 368 0 0 false 5 0
w 576 400 576 384 0
